 
 The 6X6 Mass Matrix
 ========================================================
 
     2.5967344428E+02    0.0000000000E+00    0.0000000000E+00    0.0000000000E+00    7.0146965753E+00   -7.1745582056E+01
     0.0000000000E+00    2.5967344428E+02    0.0000000000E+00   -7.0146965753E+00    0.0000000000E+00    0.0000000000E+00
     0.0000000000E+00    0.0000000000E+00    2.5967344428E+02    7.1745582056E+01    0.0000000000E+00    0.0000000000E+00
     0.0000000000E+00   -7.0146965753E+00    7.1745582056E+01    6.9839748859E+01    0.0000000000E+00    0.0000000000E+00
     7.0146965753E+00    0.0000000000E+00    0.0000000000E+00    0.0000000000E+00    2.3826516701E+00   -1.0387823155E+00
    -7.1745582056E+01    0.0000000000E+00    0.0000000000E+00    0.0000000000E+00   -1.0387823155E+00    6.7457097189E+01
 
 The Mass Center of the Cross Section
 ========================================================
 
     2.7629156403E-01    2.7013530763E-02
 
 The 6X6 Mass Matrix at the Mass Center
 ========================================================
 
   2.596734442773E+02  0.000000000000E+00  0.000000000000E+00  0.000000000000E+00  0.000000000000E+00  0.000000000000E+00
   0.000000000000E+00  2.596734442773E+02  0.000000000000E+00  0.000000000000E+00  0.000000000000E+00  0.000000000000E+00
   0.000000000000E+00  0.000000000000E+00  2.596734442773E+02  0.000000000000E+00  0.000000000000E+00  0.000000000000E+00
   0.000000000000E+00  0.000000000000E+00  0.000000000000E+00  4.982755805912E+01  0.000000000000E+00  0.000000000000E+00
   0.000000000000E+00  0.000000000000E+00  0.000000000000E+00  0.000000000000E+00  2.193159948322E+00  8.993191724951E-01
   0.000000000000E+00  0.000000000000E+00  0.000000000000E+00  0.000000000000E+00  8.993191724951E-01  4.763439811080E+01
 
 The Mass Properties with respect to Principal Inertial Axes
 ========================================================
 
 Mass per unit span                     =    2.5967344428E+02
 Mass moment of inertia i11             =    4.9827558059E+01
 Principal mass moments of inertia i22  =    2.1753686540E+00
 Principal mass moments of inertia i33  =    4.7652189405E+01
 The principal inertial axes rotated from user coordinate system by 
   178.866661405903      degrees about the positive direction of x1 axis.
 The mass-weighted radius of gyration   =    4.3804732513E-01
 
 The Geometric Center of the Cross Section
 ========================================================
 
     2.9275784874E-01    2.6600283174E-02
 
 The Area of the Cross Section
 ========================================================
 
 Area =    1.5077924230E-01
 
 Classical Stiffness Matrix (1-extension; 2-twist; 3,4-bending)
 ========================================================
 
     2.4008913932E+09    3.4056589005E+07    6.9150539235E+07   -5.4367837513E+08
     3.4056589005E+07    2.1625998325E+07    1.3880175718E+06   -2.0964757281E+06
     6.9150539235E+07    1.3880175718E+06    2.0874576070E+07   -9.5000976869E+06
    -5.4367837513E+08   -2.0964757281E+06   -9.5000976869E+06    4.7812192595E+08
 
 Classical Compliance Matrix (1-extension; 2-twist; 3,4-bending)
 ========================================================
 
     6.3211263019E-10   -8.1843128937E-10   -1.7297127965E-09    6.8082572278E-10
    -8.1843128937E-10    4.7508264280E-08   -7.8360852131E-10   -7.3790346973E-10
    -1.7297127965E-09   -7.8360852131E-10    5.3272263036E-08   -9.1181460710E-10
     6.8082572278E-10   -7.3790346973E-10   -9.1181460710E-10    2.8443391201E-09
 
 The Tension Center of the Cross Section
 ========================================================
 
     2.3021610255E-01    2.8528887358E-02
 
 The extension stiffness EA           2.3472591290E+09
 The torsional stiffness GJ           2.1048969377E+07
 Principal bending stiffness EI22     1.8765688821E+07
 Principal bending stiffness EI33     3.5362460890E+08
 The principal bending axes rotated from the user coordinate system by 
   178.964455236121      degrees about the positive direction of x1 axis.
 
 Timoshenko Stiffness Matrix (1-extension; 2,3-shear, 4-twist; 5,6-bending)
 ========================================================
 
     2.4032638946E+09   -1.1889251681E+06   -8.2267626735E+06    3.3952532978E+07    6.9300835548E+07   -5.4516159167E+08
    -1.1889251681E+06    4.3207214120E+08   -2.7705302918E+06   -1.7767096105E+07   -1.5105154244E+07    8.1735862692E+05
    -8.2267626735E+06   -2.7705302918E+06    2.8636819521E+07    6.4549615540E+05   -2.8104582469E+05    5.1419412423E+06
     3.3952532978E+07   -1.7767096105E+07    6.4549615540E+05    2.2366466606E+07    2.0021324734E+06   -2.0344823387E+06
     6.9300835548E+07   -1.5105154244E+07   -2.8104582469E+05    2.0021324734E+06    2.1407639248E+07   -9.5966388323E+06
    -5.4516159167E+08    8.1735862692E+05    5.1419412423E+06   -2.0344823387E+06   -9.5966388323E+06    4.7904920106E+08
 
 Timoshenko Compliance Matrix (1-extension; 2,3-shear, 4-twist; 5,6-bending)
 ========================================================
 
     6.3211263019E-10   -9.3341335509E-11    5.1787714119E-11   -8.1843128937E-10   -1.7297127965E-09    6.8082572278E-10
    -9.3341335509E-11    2.4584388076E-09    1.9789676702E-10    1.9189371643E-09    1.8295944952E-09   -6.7740660727E-11
     5.1787714119E-11    1.9789676702E-10    3.5036695728E-08   -9.9553450694E-10    3.8430492644E-10   -3.1400338878E-10
    -8.1843128937E-10    1.9189371643E-09   -9.9553450694E-10    4.7508264280E-08   -7.8360852131E-10   -7.3790346973E-10
    -1.7297127965E-09    1.8295944952E-09    3.8430492644E-10   -7.8360852131E-10    5.3272263036E-08   -9.1181460710E-10
     6.8082572278E-10   -6.7740660727E-11   -3.1400338878E-10   -7.3790346973E-10   -9.1181460710E-10    2.8443391201E-09
 
 The Shear Center of the Cross Section in the User Coordinate System
 ========================================================
 
     2.0954975351E-02    4.0391649607E-02
 
 Principal shear stiffness GA22 =    2.8557091689E+07
 Principal shear stiffness GA33 =    4.2031065522E+08
 The principal shear axes rotated from user coordinate system by 
   89.5819930161525      degrees about the positive direction of x1 axis.
 
 Classical Stiffness Matrix at Shear Center (1-extension; 2-twist; 3,4-bending)
 ========================================================
 
     2.4008913932E+09    3.4056589005E+07   -2.7825424663E+07   -4.9336775516E+08
     3.4056589005E+07    2.1625998325E+07    1.2415761921E+04   -1.3828207449E+06
    -2.7825424663E+07    1.2415761921E+04    1.9205386522E+07    1.1876887652E+07
    -4.9336775516E+08   -1.3828207449E+06    1.1876887652E+07    4.5639064985E+08
 
 Classical Compliance Matrix at Shear Center (1-extension; 2-twist; 3,4-bending)
 ========================================================
 
     5.5355277977E-10   -8.3461978117E-10    4.4114883842E-10    5.8439297051E-10
    -8.3461978117E-10    4.7508264280E-08   -7.8360852131E-10   -7.3790346973E-10
     4.4114883842E-10   -7.8360852131E-10    5.3272263036E-08   -9.1181460710E-10
     5.8439297051E-10   -7.3790346973E-10   -9.1181460710E-10    2.8443391201E-09
